151
23571
23572
23570
23568
23566
23564
23549
23551
23553
23555
23557
23559
23561
214588
214586
214584
214582
214580
214578
214576
214574
13314
13315
13316
13317
13318
13319
13320
13321
13322
13323
13324
13325
2465
2467
2469
2471
2473
2475
2477
2479
219170
219168
219166
219164
219162
219160
219158
219156
219154
219152
219150
219148
219042
219040
219038
219036
219034
219032
219030
241092
241090
241088
241086
253629
253627
253625
253623
12904
12902
14641
14639
14637
14635
14633
14631
14629
14627
215495
215509
215507
215505
215503
215501
215499
215497
12900
12898
12896
12894
12892
12890
12888
12886
12884
3413
3415
3417
3419
3421
256882
256883
256884
256885
256878
3637
3624
3622
3620
3460
3503
16228
16229
2799
2800
2801
3477
3479
3481
3483
3485
3487
3489
3491
3493
3495
3497
3499
251894
251896
251898
251900
251902
251904
232445
232447
232449
232451
232453
232455
197860
197861
197862
197863
197864
197865
197866
197867
197868
197869
13009
