91
251141
15219
15221
15223
15225
15227
15229
15231
15233
15325
15327
15344
15321
15323
13352
13353
13354
13355
128927
128928
128929
212616
212617
128918
128919
128920
128921
212626
212627
212628
212629
212630
212631
15193
232474
232476
232478
232480
232482
232484
232486
3504
3502
394
395
396
397
13954
13955
222108
222109
222110
222111
222112
222113
222114
222115
3431
3432
3433
3434
3435
3436
3445
3446
3447
3448
3449
3450
3411
3412
12883
12885
12887
12889
3405
3406
215510
215512
215514
215516
215518
215520
215522
215524
215526
215528
215530
215532
215534
215535
