219
23555
23557
23559
23561
214588
214586
214584
214582
214580
214578
214576
214574
13314
13315
13316
13317
13318
13319
13320
13321
13322
13323
13324
13325
2464
2462
50893
50891
50889
50887
50885
50883
50881
50879
50877
50875
50873
50871
50869
50867
50865
50863
50861
50859
50857
11041
11039
11037
11035
11033
11031
11029
1519
1517
1515
1513
1511
1509
1507
1505
1503
2460
2458
2456
2454
2452
2450
2448
6947
6949
6951
6953
6955
6957
6959
6961
6963
6965
6967
6969
6971
6973
6975
241129
16441
16442
212640
212567
241064
132286
132287
132288
132289
132290
132291
239290
132263
132265
132267
132269
132271
132273
132275
132277
132279
222737
222739
222741
222765
222767
222769
222771
200380
200381
200382
200383
203941
203942
203943
203944
11448
11450
11452
11453
230435
230437
230438
212726
212727
11923
11925
11927
11929
11931
11933
11935
212681
212683
212685
212687
203953
203955
203957
203959
203961
203963
203965
203967
12927
12929
12931
1395
1397
1399
1401
1403
1405
1407
1409
1411
1413
1415
1417
1419
1421
1423
1425
1427
2425
2427
2429
2431
2433
2435
2437
2439
2441
2443
2445
2447
2449
2451
2453
2455
2457
2459
1502
1504
1506
1508
1510
1512
1514
1516
1518
11028
11030
11032
11034
11036
11038
11040
50856
50858
50860
50862
50864
50866
50868
50870
50872
50874
50876
50878
50880
50882
50884
50886
50888
