117
208508
208509
208507
208505
208503
208501
75612
75614
208524
208526
208528
208530
17076
17077
208487
208488
208489
208490
208491
208492
208493
208494
208495
1722
1723
1724
1725
1658
1656
1654
1652
1650
1648
1646
1644
1642
1623
1624
1291
222571
222572
222564
222565
222566
222567
222568
222569
222570
222597
222598
222599
222600
222601
222602
222603
222604
222605
222606
222607
222608
222609
222610
222611
222612
222613
222614
222615
222616
222617
222618
222619
222620
222621
222622
222623
222624
222625
222626
222627
222628
222629
222630
222631
222632
222633
222634
222635
222636
222637
222638
222639
222640
222641
222642
222643
222644
222645
222646
222647
222648
222649
222650
222651
222652
222653
222654
222655
1575
1576
1602
1603
1604
1605
1606
202277
202278
199814
