249
2226
2224
2223
2224
2222
2220
2218
2216
2214
2212
2210
2208
2206
2204
2202
2200
2198
2196
2194
2192
2190
2188
2186
2184
2182
2180
2178
2176
2141
2143
2145
2147
251141
15219
15221
15223
15225
15227
15229
15231
15233
15325
15327
15344
15321
29190
29188
29186
29184
29182
29180
29191
29193
29195
257582
257580
257578
257576
257574
29178
13356
13358
13360
13362
13364
13366
13368
13370
247700
247698
247696
247694
247692
235810
235790
235796
256881
256879
222087
222088
222089
222090
222091
222092
222093
3423
3424
200180
200181
200182
200183
200184
3431
3432
31176
223199
223200
171379
171380
171381
171382
171383
213410
213412
213414
213416
213418
213420
213422
213424
213426
213428
213430
243061
243063
243065
243067
243069
243071
243072
243070
243068
243066
243064
243062
213431
213429
213427
213425
213423
213421
213419
213417
213415
213413
213411
220611
220613
220615
230722
230724
81906
212159
212160
212161
212162
212163
212164
222116
222117
222118
222119
222120
222121
222122
222123
3457
3458
3459
3460
3503
232487
232485
232483
232481
232479
232477
30111
30112
30113
30114
30115
30116
215720
215721
215722
215723
128924
128925
128926
128927
128928
128929
212616
212617
128918
128919
128920
128921
203993
232443
13350
13356
13358
13360
13362
13364
13366
13368
13370
247700
247698
247696
247694
247692
235810
235790
235796
256881
256879
222087
222088
222089
222090
222091
222092
222093
222094
222096
222098
222100
222102
222104
222106
3422
3420
3418
3416
3414
12883
12885
12887
12889
12891
12893
12895
12897
12899
215496
215498
215500
215502
215504
215506
215508
215494
215495
215494
215495
