192
2477
2479
2481
223584
223586
223588
223590
223592
2483
2485
2487
2261
2263
2265
2267
230387
230389
230391
230393
230395
230397
230399
230401
230403
230405
230407
230409
230411
230413
230415
230417
230419
230421
230423
230425
230427
230429
230431
230433
230435
230437
230439
230441
230443
230445
230447
2489
2491
2493
2495
2497
2499
2501
2503
2505
231847
231849
231811
231813
231815
231817
231819
231821
231823
231825
231827
231829
231831
231833
231835
231837
231839
231841
231843
231845
231846
231844
231842
231840
231838
231836
231834
231832
231830
231828
231826
231824
231822
231820
203136
29043
29045
29047
29049
29051
29068
29066
29064
29062
29060
29058
29012
29010
29008
29006
29004
29002
29000
28998
28996
15230
15228
15226
15224
15222
15220
251143
2153
2155
2257
2258
2259
2260
4601
4599
4597
4595
4631
4629
4628
4630
4588
4589
4590
4591
4592
4593
2167
2169
2171
2173
2141
2048
2049
2134
2135
2136
2137
2138
2139
2140
12287
12265
12266
12267
12268
12269
12270
15688
41688
41689
41690
15255
15257
15374
15375
15376
15377
15378
15379
15380
15381
15382
15383
15384
15385
15386
15429
15427
15408
15406
15404
15402
15413
15414
15573
15574
15575
15576
15577
15621
15622
