97
30131
3359
3360
3361
3362
3363
3364
3365
3366
3367
3368
214869
214870
214871
217529
217527
217525
3351
3353
3355
3357
217512
217513
217514
217515
219088
219089
219090
219091
219092
219093
219094
219095
13652
235258
235259
235260
235261
235262
235263
235264
235265
235266
11023
11024
3386
3387
3388
3389
3390
3391
3392
3393
3394
3395
3396
3397
224842
341
342
343
344
369
371
13644
13646
13648
13650
130834
130835
130836
130810
130811
130812
130813
130814
130815
130816
130817
23368
23366
23364
23362
23360
23358
23356
23354
23352
23350
23348
23346
23344
23342
23340
23338
23337
23338
